0,0,1.0
0,12,-1075.9991898098228
0,13,590.8436342532793
0,14,-216.91967410563478
0,15,-105.38943646302377
0,16,10.010061371364543
0,17,-10.010061371364259
0,18,-1076.9946788158932
0,19,217.32555303500314
0,20,-591.2495131826553
1,1,1.0
1,12,590.8436342532793
1,13,-1076.7682549253273
1,14,216.50774696621252
1,15,-21.52694244638647
1,16,288.81507580200105
1,17,-191.48302000958665
1,18,155.99864346961132
1,19,-311.22291783655646
1,20,155.58756486409987
2,2,1.0
2,12,-155.5927645402424
2,13,155.18083740082074
2,14,-310.18188535793263
2,15,21.52694244638701
2,16,-191.4830200095867
2,17,288.81507580200446
2,18,-591.2495131826552
2,19,216.91447442949163
2,20,-1077.8092874039567
3,3,1.0
3,18,-1341.4370915812187
3,19,106.9682309238519
3,20,764.7536371414911
3,24,-1416.2475278762972
3,25,323.65638804645823
3,26,-799.3155021513951
3,27,-797.553352274727
3,28,1038.2939543989562
3,29,64.80610639999836
3,51,-426.64244920171285
3,52,-147.18261801804974
3,53,-38.35046833447217
4,4,1.0
4,18,42.14712521823975
4,19,-704.9450219708899
4,20,308.8693853369119
4,24,265.82367462128684
4,25,-665.9711752212673
4,26,220.94554090389525
4,27,1038.2939543989564
4,28,-804.5195546817474
4,29,-70.97633157779339
4,51,-210.81157082820337
4,52,434.13092906088633
4,53,-203.03704967255467
5,5,1.0
5,18,764.7536371414911
5,19,243.9591564264366
5,20,-1963.684607355616
5,24,-799.3155021513951
5,25,285.85576981437043
5,26,-1756.1281606673533
5,27,64.80610639999838
5,28,-70.97633157779327
5,29,265.6550246356509
5,51,-38.350468334472225
5,52,-202.45711970286843
5,53,773.5593235600222
6,6,1.0
6,12,-915.4059139542192
6,13,10.461237781026014
6,14,1173.6462144948784
6,18,-912.2589032248688
6,19,-1172.9169339456296
6,20,-11.230994379675632
6,27,-1978.8381567278498
6,28,762.8638009086285
6,29,-762.8372384228542
7,7,1.0
7,12,10.461237781026044
7,13,295.33917993601034
7,14,9.835167573502066
7,18,-1172.9169339456296
7,19,-911.6662703330796
7,20,9.324639155364098
7,27,762.8638009086285
7,28,-709.984306268221
7,29,-12.573660255683166
8,8,1.0
8,12,1173.6462144948784
8,13,9.835167573502051
8,14,-913.5845515302141
8,18,-11.230994379675673
8,19,9.324639155363894
8,20,297.24326462043456
8,27,-762.837238422854
8,28,-12.573660255683166
8,29,-709.9749897792736
9,9,1.0
9,12,-1338.8524526462206
9,13,-763.7317841319111
9,14,-107.94915819384258
9,27,-789.0355169727533
9,28,-66.44962833974265
9,29,-1036.3330875761726
9,33,-1427.898116144017
9,34,800.3464309848754
9,35,-320.7169994540517
9,36,-421.83742750020167
9,37,38.212383296096675
9,38,146.56205153176893
10,10,1.0
10,12,-763.7317841319111
10,13,-1962.3840314074052
10,14,243.6870095688304
10,27,-66.44962833974272
10,28,269.26712422680714
10,29,-69.59294492321277
10,33,800.3464309848754
10,34,-1767.1314515371444
10,35,285.313188777625
10,36,38.212383296096675
10,37,778.4714753456471
10,38,-203.22154679064258
11,11,1.0
11,12,-43.12805248823031
11,13,308.5972384793056
11,14,-703.6300917862815
11,27,-1036.3330875761728
11,28,-69.59294492321257
11,29,-799.5017995795415
11,33,-262.88428602887944
11,34,220.4029598671497
11,35,-673.5074210391015
11,36,209.925811016083
11,37,-203.77172218927797
11,38,435.83868001503345
12,0,-1075.9991898098228
12,1,590.8436342532793
12,2,-155.5927645402424
12,6,-915.4059139542192
12,7,10.461237781026044
12,8,1173.6462144948784
12,9,-1338.8524526462206
12,10,-763.7317841319111
12,11,-43.12805248823031
12,12,6754.266435246693
12,13,394.5543505990429
12,14,139.72970677749726
12,15,-1964.1683543966574
12,16,-764.8135649895694
12,17,-310.6064676693771
12,18,297.46324776308506
12,19,10.752585383972225
12,20,-9.513002297662524
12,27,-711.997505356588
12,28,-13.88997062957911
12,29,-761.5521218798466
12,36,-1045.306266846271
12,37,535.8235117337392
12,38,-32.98351239701678
13,12,394.5543505990429
13,0,590.8436342532793
13,1,-1076.7682549253273
13,2,155.18083740082074
13,6,10.461237781026014
13,7,295.33917993601034
13,8,9.835167573502051
13,9,-763.7317841319111
13,10,-1962.3840314074052
13,11,308.5972384793056
13,13,6755.166426562068
13,14,-137.80025937892182
13,15,-764.8135649895694
13,16,-1342.5691678959943
13,17,41.97865121647783
13,18,10.752585383972225
13,19,-911.809358277422
13,20,-1172.8856636356852
13,27,-13.889970629579125
13,28,-711.5970380192368
13,29,762.1772665097849
13,36,535.8235117337392
13,37,-1045.3777559726927
13,38,32.916761834715686
14,12,139.72970677749726
14,13,-137.80025937892182
14,0,-216.91967410563478
14,1,216.50774696621252
14,2,-310.18188535793263
14,6,1173.6462144948784
14,7,9.835167573502066
14,8,-913.5845515302141
14,9,-107.94915819384258
14,10,243.6870095688304
14,11,-703.6300917862815
14,14,5742.045599220453
14,15,-245.78536196376473
14,16,106.8888801269531
14,17,-706.6391970276768
14,18,-9.513002297662554
14,19,-1172.8856636356848
14,20,-913.0480489395939
14,27,-761.5521218798466
14,28,762.1772665097847
14,29,-1986.4268928721056
14,36,28.343397168375574
14,37,-28.4101477306761
14,38,-208.5349317066488
15,12,-1964.1683543966574
15,13,-764.8135649895694
15,14,-245.78536196376473
15,0,-105.38943646302377
15,1,-21.52694244638647
15,2,21.52694244638701
15,15,5858.512748198199
15,16,-312.47001676355035
15,17,312.47001676354023
15,18,-1964.1683543966758
15,19,245.7853619637691
15,20,764.8135649895725
15,27,264.07061898227175
15,28,-67.91545624012849
15,29,67.9154562401267
15,36,772.1810391558017
15,37,41.10887610025921
15,38,204.07157915933908
15,39,-1770.5802484824983
15,40,803.9832549566266
15,41,-284.38466898628195
15,42,-1770.5802484824867
15,43,284.3846689862802
15,44,-803.9832549566237
15,45,-92.05880327072691
15,46,-4.464602407961365
15,47,4.4646024079613085
15,51,772.1810391557972
15,52,-204.07157915933902
15,53,-41.10887610025645
16,12,-764.8135649895694
16,13,-1342.5691678959943
16,14,106.8888801269531
16,15,-312.47001676355035
16,0,10.010061371364543
16,1,288.81507580200105
16,2,-191.4830200095867
16,16,4385.6653433797765
16,17,-1023.7721805729776
16,18,310.60646766938123
16,19,-706.6391970276904
16,20,41.978651216474844
16,27,-67.9154562401283
16,28,-801.5435582380023
16,29,1041.2874944487733
16,36,41.10887610025924
16,37,-427.505910858516
16,38,-147.33983014510628
16,39,803.9832549566268
16,40,-1441.1766342817032
16,41,315.3621111664825
16,42,219.5635632806679
16,43,-678.9832520310454
16,44,257.6185209461746
16,45,-35.21602175674715
16,46,290.29327124989914
16,47,-189.60434789734197
16,51,-204.85716362830422
16,52,433.6440299012748
16,53,-210.93627927984562
17,12,-310.6064676693771
17,13,41.97865121647783
17,14,-706.6391970276768
17,15,312.47001676354023
17,16,-1023.7721805729776
17,0,-10.010061371364259
17,1,-191.48302000958665
17,2,288.81507580200446
17,17,4385.665343379781
17,18,764.8135649895725
17,19,106.8888801269502
17,20,-1342.5691678960147
17,27,67.91545624012679
17,28,1041.2874944487733
17,29,-801.5435582380078
17,36,204.85716362830465
17,37,-210.93627927984252
17,38,433.64402990127877
17,39,-219.5635632806697
17,40,257.61852094617416
17,41,-678.9832520310531
17,42,-803.9832549566238
17,43,315.3621111664827
17,44,-1441.1766342816918
17,45,35.21602175674707
17,46,-189.60434789734194
17,47,290.29327124989777
17,51,-41.108876100256396
17,52,-147.3398301451094
17,53,-427.50591085851755
18,12,297.46324776308506
18,13,10.752585383972225
18,14,-9.513002297662554
18,15,-1964.1683543966758
18,16,310.60646766938123
18,17,764.8135649895725
18,0,-1076.9946788158932
18,1,155.99864346961132
18,2,-591.2495131826552
18,3,-1341.4370915812187
18,4,42.14712521823975
18,5,764.7536371414911
18,6,-912.2589032248688
18,7,-1172.9169339456296
18,8,-11.230994379675673
18,18,6755.526419685444
18,19,-141.41796790651057
18,20,-395.3465638396125
18,27,-712.8243725836181
18,28,761.8465677139217
18,29,13.596383302274958
18,51,-1045.3062668462549
18,52,32.98351239701377
18,53,-535.8235117337326
19,12,10.752585383972225
19,13,-911.809358277422
19,14,-1172.8856636356848
19,15,245.7853619637691
19,16,-706.6391970276904
19,17,106.8888801269502
19,18,-141.41796790651057
19,0,217.32555303500314
19,1,-311.22291783655646
19,2,216.91447442949163
19,3,106.9682309238519
19,4,-704.9450219708899
19,5,243.9591564264366
19,6,-1172.9169339456296
19,7,-911.6662703330796
19,8,9.324639155363894
19,19,5742.080170902725
19,20,-138.28999567212225
19,27,761.8465677139216
19,28,-1987.2624737504423
19,29,762.4986569002439
19,51,-28.34339716837792
19,52,-208.53493170664376
19,53,-28.410147730679043
20,12,-9.513002297662524
20,13,-1172.8856636356852
20,14,-913.0480489395939
20,15,764.8135649895725
20,16,41.978651216474844
20,17,-1342.5691678960147
20,18,-395.3465638396125
20,19,-138.28999567212225
20,0,-591.2495131826553
20,1,155.58756486409987
20,2,-1077.8092874039567
20,3,764.7536371414911
20,4,308.8693853369119
20,5,-1963.684607355616
20,6,-11.230994379675632
20,7,9.324639155364098
20,8,297.24326462043456
20,20,6757.677920733568
20,27,13.59638330227493
20,28,762.498656900244
20,29,-712.4323177861313
20,51,-535.8235117337326
20,52,32.916761834712744
20,53,-1045.3777559726889
27,12,-711.997505356588
27,13,-13.889970629579125
27,14,-761.5521218798466
27,15,264.07061898227175
27,16,-67.9154562401283
27,17,67.91545624012679
27,18,-712.8243725836181
27,19,761.8465677139216
27,20,13.59638330227493
27,24,-789.9291032367661
27,25,1002.5605579103719
27,26,56.40384217807226
27,3,-797.553352274727
27,4,1038.2939543989564
27,5,64.80610639999838
27,6,-1978.8381567278498
27,7,762.8638009086285
27,8,-762.837238422854
27,9,-789.0355169727533
27,10,-66.44962833974272
27,11,-1036.3330875761728
27,21,-1096.2884269961269
27,22,730.0485207815907
27,23,583.3008784714037
27,27,28277.17905240793
27,28,-2578.529969149052
27,29,2565.3445144790735
27,30,-1073.853521679288
27,31,-584.6229178221406
27,32,-733.3033298916649
27,33,-775.7537121156843
27,34,-58.2027758906112
27,35,-986.6386722621909
27,36,-2619.1608669016177
27,37,-44.272022551967325
27,38,1511.6346657777997
27,39,-375.4198593253765
27,40,30.234696661489835
27,41,1105.0769840037228
27,42,-375.4198593253743
27,43,-1105.0769840037217
27,44,-30.234696661490432
27,48,-7322.769420398547
27,49,-1.1368683772161603e-13
27,50,-5.684341886080802e-14
27,51,-2635.1893578753593
27,52,-1527.4224351354255
27,53,43.61070004440285
27,60,15.613273003849883
27,61,-265.88952930098407
27,62,497.67945964356466
27,63,1208.387231256998
27,64,-391.37194900031034
27,65,386.05339119710396
27,66,13.683053475177985
27,67,-476.60266223965846
27,68,254.65732076256657
27,69,-10467.389597151006
27,70,2806.339335905952
27,71,-2800.03339855978
27,75,1383.699494623828
27,76,-595.2593666005719
27,77,-637.2817600123103
27,81,1358.789905170619
27,82,643.3182326229835
27,83,598.1346027662
28,12,-13.88997062957911
28,13,-711.5970380192368
28,14,762.1772665097847
28,15,-67.91545624012849
28,16,-801.5435582380023
28,17,1041.2874944487733
28,18,761.8465677139217
28,19,-1987.2624737504423
28,20,762.498656900244
28,24,1002.560557910372
28,25,-1728.6491998826075
28,26,-792.7820201489538
28,27,-2578.529969149052
28,3,1038.2939543989562
28,4,-804.5195546817474
28,5,-70.97633157779327
28,6,762.8638009086285
28,7,-709.984306268221
28,8,-12.573660255683166
28,9,-66.44962833974265
28,10,269.26712422680714
28,11,-69.59294492321257
28,21,730.0485207815905
28,22,-185.17724898212234
28,23,134.45787084746115
28,28,24074.394789659233
28,29,-2101.0949260426587
28,30,-584.6229178221407
28,31,-229.5409781761625
28,32,134.42060426014075
28,33,-58.20277589061118
28,34,-731.3183657990382
28,35,-795.472219295996
28,36,-44.272022551967495
28,37,-2682.773475142946
28,38,-422.3117855734239
28,39,30.234696661489863
28,40,917.2471594112099
28,41,104.04740953222587
28,42,-1105.0769840037217
28,43,122.99134072111315
28,44,104.04740953222763
28,48,2.842170943040401e-14
28,49,-2567.7243422176716
28,51,-1527.4224351354255
28,52,-5020.672514410933
28,53,-424.1481682830108
28,60,-265.889529300984
28,61,-269.94920906268067
28,62,371.3544597126056
28,63,-391.37194900031034
28,64,-12.423732811089565
28,65,964.8659120584568
28,66,-476.6026622396582
28,67,-2200.586705732344
28,68,335.3029775404543
28,69,2806.3393359059514
28,70,-6730.359498830823
28,71,1895.8773930549453
28,75,-595.2593666005719
28,76,1877.3834343796154
28,77,-958.2211392828178
28,81,643.3182326229835
28,82,112.79835360810186
28,83,-963.1642590137691
29,12,-761.5521218798466
29,13,762.1772665097849
29,14,-1986.4268928721056
29,15,67.9154562401267
29,16,1041.2874944487733
29,17,-801.5435582380078
29,18,13.596383302274958
29,19,762.4986569002439
29,20,-712.4323177861313
29,24,56.40384217807223
29,25,-792.7820201489538
29,26,-739.5711597662253
29,27,2565.3445144790735
29,28,-2101.0949260426587
29,3,64.80610639999836
29,4,-70.97633157779339
29,5,265.6550246356509
29,6,-762.8372384228542
29,7,-12.573660255683166
29,8,-709.9749897792736
29,9,-1036.3330875761726
29,10,-69.59294492321277
29,11,-799.5017995795415
29,21,583.3008784714037
29,22,134.4578708474612
29,23,-238.7011322874712
29,29,24039.72216293424
29,30,-733.303329891665
29,31,134.42060426014075
29,32,-175.10916855686443
29,33,-986.6386722621909
29,34,-795.472219295996
29,35,-1717.0522176889385
29,36,1511.6346657777997
29,37,-422.31178557342383
29,38,-4993.348759842261
29,39,1105.0769840037228
29,40,104.04740953222588
29,41,122.99134072111087
29,42,-30.234696661490545
29,43,104.0474095322276
29,44,917.247159411211
29,50,-2567.7243422176716
29,51,43.61070004440296
29,52,-424.1481682830107
29,53,-2693.734914388042
29,60,497.67945964356466
29,61,371.3544597126056
29,62,-2230.0223118203653
29,63,386.053391197104
29,64,964.8659120584564
29,65,4.218749680832445
29,66,254.6573207625664
29,67,335.3029775404542
29,68,-241.4657128889859
29,69,-2800.033398559779
29,70,1895.8773930549457
29,71,-6717.605246842241
29,75,-637.2817600123103
29,76,-958.221139282818
29,77,131.13884580513752
29,81,598.1346027661999
29,82,-963.1642590137692
29,83,1843.2412413659413
36,12,-1045.306266846271
36,13,535.8235117337392
36,14,28.343397168375574
36,15,772.1810391558017
36,16,41.10887610025924
36,17,204.85716362830465
36,27,-2619.1608669016177
36,28,-44.272022551967495
36,29,1511.6346657777997
36,33,-1388.6975396545208
36,34,-572.4796251257743
36,35,414.2267521318556
36,9,-421.83742750020167
36,10,38.212383296096675
36,11,209.925811016083
36,36,8740.490578575856
36,37,663.9729896286701
36,38,-626.1350050175355
36,39,-1959.8357387300093
36,40,-876.7288520163801
36,41,-585.0550391080887
36,69,10.5210440543363
36,70,33.153015001609475
36,71,-1131.9845776790073
36,81,-385.5001962857111
36,82,-476.8702329078949
36,83,258.72513208221346
36,84,-833.0184327756479
36,85,879.8001720470988
36,86,-240.6286394680866
36,87,-869.8361930920152
36,88,-221.72021520545684
36,89,-43.90966053191401
37,12,535.8235117337392
37,13,-1045.3777559726927
37,14,-28.4101477306761
37,15,41.10887610025921
37,16,-427.505910858516
37,17,-210.93627927984252
37,27,-44.272022551967325
37,28,-2682.773475142946
37,29,-422.31178557342383
37,33,-572.4796251257744
37,34,-1201.1037821607188
37,35,385.4070993586039
37,36,663.9729896286701
37,9,38.212383296096675
37,10,778.4714753456471
37,11,-203.77172218927797
37,37,9995.910915704158
37,38,-442.10817959220293
37,39,-876.7288520163801
37,40,-3253.9219621452735
37,41,-541.1954897650199
37,69,33.15301500160956
37,70,58.157217731305764
37,71,316.2473308292533
37,81,-476.870232907895
37,82,-2113.9984571517743
37,83,1089.6048130601066
37,84,879.8001720470988
37,85,-827.0777175135388
37,86,33.125516914393984
37,87,-221.72021520545704
37,88,719.219452164348
37,89,24.348843968085674
38,12,-32.98351239701678
38,13,32.916761834715686
38,14,-208.5349317066488
38,15,204.07157915933908
38,16,-147.33983014510628
38,17,433.64402990127877
38,27,1511.6346657777997
38,28,-422.3117855734239
38,29,-4993.348759842261
38,33,344.7524428907759
38,34,326.2808913877537
38,35,-631.1192797652034
38,36,-626.1350050175355
38,37,-442.10817959220293
38,9,146.56205153176893
38,10,-203.22154679064258
38,11,435.83868001503345
38,38,9535.937573787784
38,39,-526.8704674185575
38,40,-470.7904219222502
38,41,-1588.7604254839644
38,69,-1131.9845776790075
38,70,316.2473308292534
38,71,-1824.2255385115727
38,81,246.46049856384505
38,82,1012.735539821099
38,83,-1438.6043935027642
38,84,-168.01199235114575
38,85,-39.480252522917226
38,86,-1.3436553503886444
38,87,32.50431693973421
38,88,37.07149267372148
38,89,280.5167004587068
39,15,-1770.5802484824983
39,16,803.9832549566268
39,17,-219.5635632806697
39,27,-375.4198593253765
39,28,30.234696661489863
39,29,1105.0769840037228
39,36,-1959.8357387300093
39,37,-876.7288520163801
39,38,-526.8704674185575
39,39,10594.090511958675
39,40,-736.79191672757
39,41,-268.9965350043029
39,42,-2412.08930139369
39,43,843.2695660909359
39,44,676.677112463102
39,45,-1565.4361041891768
39,46,-823.697674750731
39,47,430.9518158463978
39,69,59.2296756622747
39,70,91.56906251826575
39,71,-214.43778393295992
39,87,-3170.6684128035954
39,88,1239.9883207027465
39,89,51.965240627778456
39,90,600.7094773033994
39,91,-571.8264574353834
39,92,-1034.8028033045111
40,15,803.9832549566266
40,16,-1441.1766342817032
40,17,257.61852094617416
40,27,30.234696661489835
40,28,917.2471594112099
40,29,104.04740953222588
40,36,-876.7288520163801
40,37,-3253.9219621452735
40,38,-470.7904219222502
40,39,-736.79191672757
40,40,11377.959526359162
40,41,797.7013053507461
40,42,843.2695660909358
40,43,-3609.6413982187923
40,44,-1741.1928250859803
40,45,-823.697674750731
40,46,-1956.2205231475828
40,47,533.3453024902402
40,69,91.56906251826587
40,70,-730.2608586998224
40,71,1034.6968739609692
40,87,1239.9883207027467
40,88,-2340.4421278195896
40,89,-206.7861770122135
40,90,-571.8264574353835
40,91,1036.4568185423936
40,92,-308.6399882599118
41,15,-284.38466898628195
41,16,315.3621111664825
41,17,-678.9832520310531
41,27,1105.0769840037228
41,28,104.04740953222587
41,29,122.99134072111087
41,36,-585.0550391080887
41,37,-541.1954897650199
41,38,-1588.7604254839644
41,39,-268.9965350043029
41,40,797.7013053507461
41,41,8508.290582966001
41,42,676.6771124631019
41,43,-1741.1928250859803
41,44,-3040.6327326629203
41,45,489.13638753592903
41,46,603.75037033301
41,47,-1076.1571751129586
41,69,-214.43778393295983
41,70,1034.6968739609692
41,71,-1404.3856408061006
41,87,116.78634633339074
41,88,-264.5297672325217
41,89,-1277.360277729287
41,90,-1034.8028033045111
41,91,-308.63998825991183
41,92,434.9975801391727
42,15,-1770.5802484824867
42,16,219.5635632806679
42,17,-803.9832549566238
42,27,-375.4198593253743
42,28,-1105.0769840037217
42,29,-30.234696661490545
42,39,-2412.08930139369
42,40,843.2695660909358
42,41,676.6771124631019
42,42,9851.233105015124
42,43,-1537.216151298125
42,44,-496.88875407808064
42,45,-557.6429820875499
42,46,-42.59072392793183
42,47,435.3365828322653
42,51,-1959.8357387300211
42,52,526.8704674185614
42,53,876.728852016379
42,69,603.1016270333677
42,70,424.02316437080253
42,71,-301.15444295610877
42,90,-3378.76660202937
42,91,671.1570980688107
42,92,-356.48139865944285
43,15,284.3846689862802
43,16,-678.9832520310454
43,17,315.3621111664827
43,27,-1105.0769840037217
43,28,122.99134072111315
43,29,104.0474095322276
43,39,843.2695660909359
43,40,-3609.6413982187923
43,41,-1741.1928250859803
43,42,-1537.216151298125
43,43,8167.47441610279
43,44,1179.3758252652158
43,45,-100.77529561746292
43,46,158.1513205131772
43,47,85.95388280271814
43,51,585.0550391080924
43,52,-1588.7604254839807
43,53,-541.1954897650281
43,69,424.0231643708026
43,70,-738.2709835536318
43,71,755.2595768508868
43,90,606.3359923631989
43,91,-1832.9610180496302
43,92,-157.61049076652264
44,15,-803.9832549566237
44,16,257.6185209461746
44,17,-1441.1766342816918
44,27,-30.234696661490432
44,28,104.04740953222763
44,29,917.247159411211
44,39,676.677112463102
44,40,-1741.1928250859803
44,41,-3040.6327326629203
44,42,-496.88875407808064
44,43,1179.3758252652158
44,44,9899.126028384211
44,45,435.3365828322652
44,46,15.548814959948317
44,47,-721.912027521445
44,51,876.728852016379
44,52,-470.79042192225836
44,53,-3253.921962145295
44,69,-301.15444295610877
44,70,755.2595768508868
44,71,-64.14620144735795
44,90,-356.4813986594427
44,91,-99.8669005462143
44,92,-2294.5836297367127
45,15,-92.05880327072691
45,16,-35.21602175674715
45,17,35.21602175674707
45,39,-1565.4361041891768
45,40,-823.697674750731
45,41,489.13638753592903
45,42,-557.6429820875499
45,43,-100.77529561746292
45,44,435.3365828322652
45,45,3752.7820123271736
45,46,186.00781036376426
45,47,-186.0078103637628
45,87,-23.38065237763874
45,88,435.3365828322642
45,89,-258.51592157674776
45,90,-556.0144419659738
45,91,53.261256129312585
45,92,-230.08191738483026
45,93,-958.2490284361076
45,94,285.08334279960013
45,95,-285.0833427996005
46,15,-4.464602407961365
46,16,290.29327124989914
46,17,-189.60434789734194
46,39,-823.697674750731
46,40,-1956.2205231475828
46,41,603.75037033301
46,42,-42.59072392793183
46,43,158.1513205131772
46,44,15.548814959948317
46,45,186.00781036376426
46,46,4005.912122954545
46,47,-1581.1459475928732
46,87,435.3365828322642
46,88,-1392.2843460785386
46,89,531.6459953169358
46,90,22.509836780526683
46,91,-934.3224732461479
46,92,716.4842149175945
46,93,226.89877111006908
46,94,-171.52937224535208
46,95,-96.67910003727354
47,15,4.4646024079613085
47,16,-189.60434789734197
47,17,290.29327124989777
47,39,430.9518158463978
47,40,533.3453024902402
47,41,-1076.1571751129586
47,42,435.3365828322653
47,43,85.95388280271814
47,44,-721.912027521445
47,45,-186.0078103637628
47,46,-1581.1459475928732
47,47,4005.912122954547
47,87,-227.76450222796205
47,88,442.8210003744634
47,89,-281.9719092976352
47,90,-230.08191738483026
47,91,805.309209860067
47,92,-2044.6349100270554
47,93,-226.89877111006916
47,94,-96.67910003727359
47,95,-171.5293722453511
51,15,772.1810391557972
51,16,-204.85716362830422
51,17,-41.108876100256396
51,18,-1045.3062668462549
51,19,-28.34339716837792
51,20,-535.8235117337326
51,24,-1407.606998353253
51,25,-415.3353219550567
51,26,570.5621158274712
51,27,-2635.1893578753593
51,28,-1527.4224351354255
51,29,43.61070004440296
51,42,-1959.8357387300211
51,43,585.0550391080924
51,44,876.728852016379
51,3,-426.64244920171285
51,4,-210.81157082820337
51,5,-38.350468334472225
51,51,8772.864028687405
51,52,630.5930466488262
51,53,-651.996032299272
51,69,11.942063135150761
51,70,1143.8072169935067
51,71,-32.657784972566816
51,72,-860.0909054539627
51,73,238.3140394392391
51,74,-881.552265133797
51,75,-352.4792214257809
51,76,-254.90911400621275
51,77,468.86705548038606
51,90,-869.8361930920092
51,91,43.909660531915705
51,92,221.72021520545835
52,15,-204.07157915933902
52,16,433.6440299012748
52,17,-147.3398301451094
52,18,32.98351239701377
52,19,-208.53493170664376
52,20,32.916761834712744
52,24,-344.8002394106174
52,25,-631.1558671029277
52,26,324.36833242263333
52,27,-1527.4224351354255
52,28,-5020.672514410933
52,29,-424.1481682830107
52,42,526.8704674185614
52,43,-1588.7604254839807
52,44,-470.79042192225836
52,51,630.5930466488262
52,3,-147.18261801804974
52,4,434.13092906088633
52,5,-202.45711970286843
52,52,9558.995361547895
52,53,-432.1997631710361
52,69,1143.807216993507
52,70,-1833.9421657416378
52,71,317.62250232606414
52,72,164.63661901893897
52,73,-8.332104778421353
52,74,-39.71012195804835
52,75,-242.90967381368358
52,76,-1415.889011744221
52,77,1004.6663359251969
52,90,-32.50431693973222
52,91,280.5167004587091
52,92,37.07149267372404
53,15,-41.10887610025645
53,16,-210.93627927984562
53,17,-427.50591085851755
53,18,-535.8235117337326
53,19,-28.410147730679043
53,20,-1045.3777559726889
53,24,570.5621158274711
53,25,383.375522109279
53,26,-1199.1300223747203
53,27,43.61070004440285
53,28,-424.1481682830108
53,29,-2693.734914388042
53,42,876.728852016379
53,43,-541.1954897650281
53,44,-3253.921962145295
53,51,-651.996032299272
53,52,-432.1997631710361
53,3,-38.35046833447217
53,4,-203.03704967255467
53,5,773.5593235600222
53,53,9981.36285990791
53,69,-32.65778497256676
53,70,317.62250232606414
53,71,55.78378532130591
53,72,-881.5522651337972
53,73,33.01466576346746
53,74,-836.5250623100394
53,75,468.86705548038606
53,76,1081.5653637352557
53,77,-2073.7297929042884
53,90,221.7202152054582
53,91,24.34884396808806
53,92,719.2194521643517
21,21,1.0
21,24,-3136.4998616141147
21,25,-1133.2765739165757
21,26,-905.4757352413917
21,27,-1096.2884269961269
21,28,730.0485207815905
21,29,583.3008784714037
22,22,1.0
22,24,-1133.2765739165754
22,25,-1409.0910980992621
22,26,-208.72305178701313
22,27,730.0485207815907
22,28,-185.17724898212234
22,29,134.4578708474612
23,23,1.0
23,24,-905.4757352413918
23,25,-208.72305178701313
23,26,-1326.004342399714
23,27,583.3008784714037
23,28,134.45787084746115
23,29,-238.7011322874712
24,3,-1416.2475278762972
24,4,265.82367462128684
24,5,-799.3155021513951
24,21,-3136.4998616141147
24,22,-1133.2765739165754
24,23,-905.4757352413918
24,24,10686.493982503429
24,25,-1135.7289141224112
24,26,1057.3565111789276
24,27,-789.9291032367661
24,28,1002.560557910372
24,29,56.40384217807223
24,51,-1407.606998353253
24,52,-344.8002394106174
24,53,570.5621158274711
24,54,-1910.969398526468
24,55,510.1367463693824
24,56,814.2223030895614
24,60,1393.066909076718
24,61,-237.31485217214902
24,62,434.97828816377796
24,75,-3418.308001973247
24,76,1072.5996007207118
24,77,-1228.7318230450232
25,24,-1135.7289141224112
25,3,323.65638804645823
25,4,-665.9711752212673
25,5,285.85576981437043
25,21,-1133.2765739165757
25,22,-1409.0910980992621
25,23,-208.72305178701313
25,25,8089.180327301935
25,26,-400.21672975258446
25,27,1002.5605579103719
25,28,-1728.6491998826075
25,29,-792.7820201489538
25,51,-415.3353219550567
25,52,-631.1558671029277
25,53,383.375522109279
25,54,580.6718289138217
25,55,-1029.929367580348
25,56,-478.1597743125142
25,60,-237.3148521721493
25,61,-480.61037500830025
25,62,776.1522769256383
25,75,1014.7668872955406
25,76,-2143.7732444072226
25,77,434.49800715177764
26,24,1057.3565111789276
26,25,-400.21672975258446
26,3,-799.3155021513951
26,4,220.94554090389525
26,5,-1756.1281606673533
26,21,-905.4757352413917
26,22,-208.72305178701313
26,23,-1326.004342399714
26,26,8967.247752085714
26,27,56.40384217807226
26,28,-792.7820201489538
26,29,-739.5711597662253
26,51,570.5621158274712
26,52,324.36833242263333
26,53,-1199.1300223747203
26,54,814.2223030895614
26,55,-419.15258462586837
26,56,-1546.8444630711447
26,60,434.9782881637776
26,61,776.1522769256383
26,62,386.49125567487005
26,75,-1228.7318230450232
26,76,499.4082360622531
26,77,-2786.0608594814253
54,24,-1910.969398526468
54,25,580.6718289138217
54,26,814.2223030895614
54,54,1.0
54,75,-1353.5643543522913
54,76,544.6046721819517
54,77,-427.4747132462381
55,24,510.1367463693824
55,25,-1029.929367580348
55,26,-419.15258462586837
55,55,1.0
55,75,455.78990011368114
55,76,-285.7021002972001
55,77,220.05922736269463
56,24,814.2223030895614
56,25,-478.1597743125142
56,26,-1546.8444630711447
56,56,1.0
56,75,-427.4747132462381
56,76,251.03858201197485
56,77,-14.316593686637361
60,24,1393.066909076718
60,25,-237.3148521721493
60,26,434.9782881637776
60,27,15.613273003849883
60,28,-265.889529300984
60,29,497.67945964356466
60,60,1.0
60,69,-535.3677959100519
60,70,540.1102757211303
60,71,1106.4757063950642
60,75,-2237.921102703921
60,76,-2201.300702425542
60,77,-61.33552688945461
60,99,-3165.3680948906044
60,100,1249.202179674379
60,101,-1844.309442252942
61,24,-237.31485217214902
61,25,-480.61037500830025
61,26,776.1522769256383
61,27,-265.88952930098407
61,28,-269.94920906268067
61,29,371.3544597126056
61,61,1.0
61,69,540.1102757211304
61,70,1585.9398600336876
61,71,-549.951436938078
61,75,-2201.300702425542
61,76,-2623.109571103884
61,77,-504.900802831362
61,99,1249.202179674379
61,100,-1408.5001996527133
61,101,543.5778412834068
62,24,434.97828816377796
62,25,776.1522769256383
62,26,386.49125567487005
62,27,497.67945964356466
62,28,371.3544597126056
62,29,-2230.0223118203653
62,62,1.0
62,69,1106.475706395064
62,70,-549.9514369380779
62,71,1265.8286876728525
62,75,-61.335526889454684
62,76,-504.9008028313619
62,77,-209.56554256553662
62,99,-1844.3094422529425
62,100,543.5778412834068
62,101,-1969.4340589711462
75,24,-3418.308001973247
75,25,1014.7668872955406
75,26,-1228.7318230450232
75,27,1383.699494623828
75,28,-595.2593666005719
75,29,-637.2817600123103
75,51,-352.4792214257809
75,52,-242.90967381368358
75,53,468.86705548038606
75,69,373.00878348726707
75,70,1012.6625692882683
75,71,947.1975257740021
75,72,-5718.822258092113
75,73,-40.246468604626216
75,74,551.9856693575388
75,54,-1353.5643543522913
75,55,455.78990011368114
75,56,-427.4747132462381
75,60,-2237.921102703921
75,61,-2201.300702425542
75,62,-61.335526889454684
75,75,15053.880195557043
75,76,-400.4126707254163
75,77,588.506649376074
75,78,-1005.8996267297665
75,79,-88.0236451542337
75,80,1278.249088563488
75,99,-1340.6927839162825
75,100,1161.8179559422992
75,101,-344.97796325282457
75,135,-707.4619658174865
75,136,-50.76080461363759
75,137,-443.2908853125229
75,138,-675.4391586572503
75,139,-26.123980702077773
75,140,-691.7133167931148
76,24,1072.5996007207118
76,25,-2143.7732444072226
76,26,499.4082360622531
76,27,-595.2593666005719
76,28,1877.3834343796154
76,29,-958.221139282818
76,51,-254.90911400621275
76,52,-1415.889011744221
76,53,1081.5653637352557
76,69,1012.6625692882681
76,70,-1338.8723801777298
76,71,-930.0286287803876
76,72,-140.5758018424968
76,73,-2534.5268169329697
76,74,-229.79852545581585
76,75,-400.4126707254163
76,54,544.6046721819517
76,55,-285.7021002972001
76,56,251.03858201197485
76,60,-2201.300702425542
76,61,-2623.109571103884
76,62,-504.9008028313619
76,76,12452.948345680305
76,77,-941.6675728539742
76,78,-26.696735588841385
76,79,-372.190281776868
76,80,186.5046516865126
76,99,1161.8179559422992
76,100,-3328.4580881400066
76,101,1743.410926656355
76,135,-69.59109436633024
76,136,-735.0544642305179
76,137,-499.00733985912603
76,138,-102.93931257781975
76,139,447.24417875070156
76,140,301.6962489111326
77,24,-1228.7318230450232
77,25,434.49800715177764
77,26,-2786.0608594814253
77,27,-637.2817600123103
77,28,-958.2211392828178
77,29,131.13884580513752
77,51,468.86705548038606
77,52,1004.6663359251969
77,53,-2073.7297929042884
77,69,947.1975257740021
77,70,-930.0286287803876
77,71,-46.92822415976947
77,72,551.9856693575389
77,73,-290.27922508189044
77,74,-2602.8857527527725
77,75,588.506649376074
77,76,-941.6675728539742
77,54,-427.4747132462381
77,55,220.05922736269463
77,56,-14.316593686637361
77,60,-61.33552688945461
77,61,-504.900802831362
77,62,-209.56554256553662
77,77,13462.855270593116
77,78,1278.2490885634877
77,79,267.5437821836377
77,80,-1771.3460853906006
77,99,-344.9779632528245
77,100,1743.410926656355
77,101,-1717.0178025532794
77,135,-443.290885312523
77,136,-373.61641132257597
77,137,-3068.5041035357235
77,138,-691.7133167931146
77,139,328.53550087334645
77,140,696.3606406317798
30,27,-1073.853521679288
30,28,-584.6229178221407
30,29,-733.303329891665
30,30,1.0
30,33,-3156.3123314631466
30,34,906.6571651864845
30,35,1137.2368376835593
31,27,-584.6229178221406
31,28,-229.5409781761625
31,29,134.42060426014075
31,31,1.0
31,33,906.6571651864846
31,34,-1334.7403403008966
31,35,-208.46497851155223
32,27,-733.3033298916649
32,28,134.42060426014075
32,29,-175.10916855686443
32,32,1.0
32,33,1137.2368376835593
32,34,-208.4649785115522
32,35,-1419.155420006029
33,27,-775.7537121156843
33,28,-58.20277589061118
33,29,-986.6386722621909
33,9,-1427.898116144017
33,10,800.3464309848754
33,11,-262.88428602887944
33,30,-3156.3123314631466
33,31,906.6571651864846
33,32,1137.2368376835593
33,33,10674.063317809407
33,34,-1083.3365538625178
33,35,1117.1341132506068
33,36,-1388.6975396545208
33,37,-572.4796251257744
33,38,344.7524428907759
33,57,-1878.3139351318837
33,58,-803.8830820593686
33,59,-505.6908488303281
33,66,1395.4867436649176
33,67,-433.0857499100028
33,68,223.17299926065084
33,81,-3442.5744269650736
33,82,1243.9841906769147
33,83,-1067.0825859641943
34,27,-58.2027758906112
34,28,-731.3183657990382
34,29,-795.472219295996
34,33,-1083.3365538625178
34,9,800.3464309848754
34,10,-1767.1314515371444
34,11,220.4029598671497
34,30,906.6571651864845
34,31,-1334.7403403008966
34,32,-208.4649785115522
34,34,8995.937584800547
34,35,-392.1114607593624
34,36,-572.4796251257743
34,37,-1201.1037821607188
34,38,326.2808913877537
34,57,-803.8830820593685
34,58,-1547.0911678758382
34,59,-423.1617561174801
34,66,-433.08574991000273
34,67,390.0049493732022
34,68,778.0846536399786
34,81,1243.9841906769147
34,82,-2804.557426500114
34,83,494.4419097895087
35,27,-986.6386722621909
35,28,-795.472219295996
35,29,-1717.0522176889385
35,33,1117.1341132506068
35,34,-392.1114607593624
35,9,-320.7169994540517
35,10,285.313188777625
35,11,-673.5074210391015
35,30,1137.2368376835593
35,31,-208.46497851155223
35,32,-1419.155420006029
35,35,8082.111101702677
35,36,414.2267521318556
35,37,385.4070993586039
35,38,-631.1192797652034
35,57,-575.165158071408
35,58,-482.2879640883303
35,59,-1026.1351445140724
35,66,223.17299926065064
35,67,778.0846536399786
35,68,-465.847852228467
35,81,-1009.2498725390219
35,82,429.5316808790334
35,83,-2149.2937664608644
48,27,-7322.769420398547
48,28,2.842170943040401e-14
48,48,1.0
49,27,-1.1368683772161603e-13
49,28,-2567.7243422176716
49,49,1.0
50,27,-5.684341886080802e-14
50,29,-2567.7243422176716
50,50,1.0
63,27,1208.387231256998
63,28,-391.37194900031034
63,29,386.053391197104
63,63,1.0
63,69,-1173.4346575588656
63,70,-1280.2706333972956
63,71,729.5999274888152
63,99,775.5495200449459
63,100,-947.348374530617
63,101,-925.4181081150575
63,102,-4119.810993476932
63,103,1109.6886399466575
63,104,-144.39797352545932
63,108,2249.4276223731426
63,109,937.6110261125116
63,110,-21.19510766660818
64,27,-391.37194900031034
64,28,-12.423732811089565
64,29,964.8659120584564
64,64,1.0
64,69,-1280.2706333972951
64,70,-364.80735312157026
64,71,311.9972755179598
64,99,-947.348374530617
64,100,2066.404946036342
64,101,-1283.8580228346086
64,102,1109.6886399466575
64,103,-3728.9029967156525
64,104,1309.7403151096755
64,108,937.6110261125115
64,109,2286.1150931102816
64,110,-1361.8276930921043
65,27,386.05339119710396
65,28,964.8659120584568
65,29,4.218749680832445
65,65,1.0
65,69,729.5999274888152
65,70,311.99727551795957
65,71,-546.2469436776357
65,99,-925.4181081150576
65,100,-1283.8580228346086
65,101,-0.4326933919863336
65,102,-144.39797352545924
65,103,1309.7403151096753
65,104,-3811.360475150996
65,108,-21.195107666608152
65,109,-1361.827693092104
65,110,4243.892269831458
66,27,13.683053475177985
66,28,-476.6026622396582
66,29,254.6573207625664
66,33,1395.4867436649176
66,34,-433.08574991000273
66,35,223.17299926065064
66,66,1.0
66,69,-1663.2558499368427
66,70,-1200.835406636494
66,71,231.97925498282717
66,81,-3750.3091339175303
66,82,-704.7278489257893
66,83,2063.152324594661
66,102,2057.016260339956
66,103,2.040710174569341
66,104,-1690.557559884107
66,108,-3854.6523931393335
66,109,1089.4902477292248
66,110,-108.90354962742259
66,117,1083.6345904462087
66,118,1177.4198551589932
66,119,547.2533132052426
67,27,-476.60266223965846
67,28,-2200.586705732344
67,29,335.3029775404542
67,33,-433.0857499100028
67,34,390.0049493732022
67,35,778.0846536399786
67,67,1.0
67,69,-1200.835406636494
67,70,-668.3879395421826
67,71,-216.2022598807207
67,81,-704.7278489257895
67,82,-2389.8820964476627
67,83,300.21818823060545
67,102,2.0407101745693836
67,103,3334.221920321189
67,104,-662.8760795552298
67,108,1089.4902477292246
67,109,-2691.447684496206
67,110,1240.654651637807
67,117,1177.419855158993
67,118,446.4740011353485
67,119,-995.9451293591362
68,27,254.65732076256657
68,28,335.3029775404543
68,29,-241.4657128889859
68,33,223.17299926065084
68,34,778.0846536399786
68,35,-465.847852228467
68,68,1.0
68,69,231.9792549828274
68,70,-216.20225988072053
68,71,354.6962294103247
68,81,2063.152324594661
68,82,300.2181882306051
68,83,-4683.840716390906
68,102,-1690.5575598841071
68,103,-662.8760795552303
68,104,2674.932229742185
68,108,-108.90354962742259
68,109,1240.6546516378062
68,110,-2781.0183334359276
68,117,547.2533132052424
68,118,-995.9451293591359
68,119,1113.7155035840444
69,27,-10467.389597151006
69,28,2806.3393359059514
69,29,-2800.033398559779
69,36,10.5210440543363
69,37,33.15301500160956
69,38,-1131.9845776790075
69,39,59.2296756622747
69,40,91.56906251826587
69,41,-214.43778393295983
69,42,603.1016270333677
69,43,424.0231643708026
69,44,-301.15444295610877
69,51,11.942063135150761
69,52,1143.807216993507
69,53,-32.65778497256676
69,60,-535.3677959100519
69,61,540.1102757211304
69,62,1106.475706395064
69,63,-1173.4346575588656
69,64,-1280.2706333972951
69,65,729.5999274888152
69,66,-1663.2558499368427
69,67,-1200.835406636494
69,68,231.9792549828274
69,69,38363.58675437916
69,70,-1992.4381348544462
69,71,1065.9308051876433
69,72,-5262.5752643959195
69,73,-936.8382548166671
69,74,-251.60234929498642
69,75,373.00878348726707
69,76,1012.6625692882681
69,77,947.1975257740021
69,81,156.28645184693121
69,82,-865.1334509160886
69,83,-1210.9122895428513
69,84,-5826.11342393425
69,85,1116.779337848927
69,86,1689.432873057154
69,87,-1897.0329771448341
69,88,-349.79741568428943
69,89,1927.0306965039356
69,90,-3741.734467903637
69,91,-2194.318115971054
69,92,1098.1855614918538
69,99,2236.3946519161495
69,100,8.439946680582413
69,101,49.18089866549934
69,102,-13384.380185334987
69,103,844.5084768648193
69,104,-630.7068138641719
69,108,4785.222769427136
69,109,211.76689590480726
69,110,-610.7934727588541
69,141,849.7058347865574
69,142,-608.3529990502665
69,143,-1861.42630997978
69,144,-3497.715436457942
69,145,1194.8251142279294
69,146,200.69597399427255
70,27,2806.339335905952
70,28,-6730.359498830823
70,29,1895.8773930549457
70,36,33.153015001609475
70,37,58.157217731305764
70,38,316.2473308292534
70,39,91.56906251826575
70,40,-730.2608586998224
70,41,1034.6968739609692
70,42,424.02316437080253
70,43,-738.2709835536318
70,44,755.2595768508868
70,51,1143.8072169935067
70,52,-1833.9421657416378
70,53,317.62250232606414
70,69,-1992.4381348544462
70,60,540.1102757211303
70,61,1585.9398600336876
70,62,-549.9514369380779
70,63,-1280.2706333972956
70,64,-364.80735312157026
70,65,311.99727551795957
70,66,-1200.835406636494
70,67,-668.3879395421826
70,68,-216.20225988072053
70,70,33340.07077494745
70,71,-2531.2026231165746
70,72,-936.8382548166674
70,73,-4175.753077463841
70,74,-1518.6580500106866
70,75,1012.6625692882683
70,76,-1338.8723801777298
70,77,-930.0286287803876
70,81,-865.1334509160883
70,82,-378.5376787875507
70,83,-1037.4328328677025
70,84,1116.779337848927
